0	1	0.290	0.017	0.074	0.109	0.004	0.108	0.034	0.025	0.136	0.003	0.038	0.015	0.007	0.071	0.028	0.042
1	10	0.155	0.015	0.059	0.066	0.003	0.260	0.050	0.059	0.188	0.007	0.021	0.012	0.030	0.049	0.010	0.015
2	100	0.293	0.009	0.100	0.131	0.003	0.057	0.052	0.012	0.152	0.007	0.030	0.024	0.007	0.039	0.037	0.049
3	1000	0.327	0.011	0.077	0.076	0.002	0.164	0.031	0.028	0.124	0.002	0.042	0.010	0.003	0.054	0.018	0.032
4	1001	0.303	0.014	0.079	0.107	0.001	0.120	0.047	0.016	0.088	0.002	0.046	0.010	0.010	0.075	0.050	0.033
5	1002	0.320	0.005	0.063	0.063	0.001	0.072	0.050	0.044	0.226	0.001	0.037	0.013	0.005	0.050	0.025	0.025
6	1003	0.385	0.008	0.075	0.111	0.002	0.097	0.027	0.016	0.075	0.002	0.034	0.015	0.006	0.053	0.057	0.038
7	1004	0.343	0.008	0.092	0.093	0.001	0.156	0.010	0.039	0.083	0.001	0.028	0.008	0.007	0.063	0.021	0.049
8	1005	0.201	0.008	0.044	0.067	0.001	0.138	0.033	0.028	0.320	0.004	0.015	0.023	0.019	0.058	0.010	0.029
9	1006	0.228	0.007	0.041	0.049	0.001	0.126	0.031	0.033	0.320	0.003	0.018	0.027	0.018	0.061	0.011	0.024
10	1007	0.272	0.014	0.071	0.091	0.002	0.124	0.037	0.020	0.215	0.002	0.028	0.013	0.005	0.059	0.017	0.030
11	1008	0.339	0.009	0.074	0.067	0.002	0.116	0.036	0.025	0.184	0.002	0.037	0.017	0.005	0.039	0.019	0.029
12	1009	0.368	0.027	0.057	0.039	0.001	0.120	0.026	0.009	0.145	0.001	0.031	0.026	0.006	0.058	0.025	0.059
13	101	0.373	0.024	0.049	0.057	0.001	0.115	0.016	0.019	0.205	0.001	0.017	0.017	0.004	0.033	0.037	0.033
14	1010	0.240	0.015	0.071	0.076	0.003	0.137	0.038	0.026	0.172	0.003	0.058	0.021	0.005	0.076	0.025	0.034
15	1011	0.334	0.010	0.074	0.078	0.002	0.146	0.046	0.025	0.111	0.004	0.046	0.011	0.010	0.044	0.022	0.038
16	1012	0.259	0.023	0.050	0.052	0.002	0.254	0.036	0.017	0.184	0.002	0.031	0.013	0.004	0.033	0.015	0.023
17	1013	0.275	0.013	0.054	0.095	0.003	0.153	0.035	0.016	0.134	0.003	0.042	0.012	0.006	0.081	0.018	0.059
18	1014	0.176	0.008	0.081	0.098	0.004	0.078	0.019	0.040	0.368	0.002	0.017	0.021	0.008	0.031	0.044	0.008
19	1015	0.160	0.017	0.089	0.076	0.005	0.304	0.084	0.013	0.064	0.003	0.023	0.014	0.006	0.101	0.025	0.015
20	1016	0.260	0.011	0.049	0.168	0.001	0.120	0.019	0.026	0.170	0.001	0.042	0.009	0.006	0.064	0.027	0.027
21	1017	0.273	0.013	0.130	0.068	0.003	0.155	0.061	0.021	0.110	0.006	0.026	0.016	0.005	0.034	0.038	0.041
22	1018	0.351	0.006	0.041	0.094	0.001	0.161	0.009	0.019	0.221	0.002	0.022	0.010	0.006	0.028	0.015	0.015
23	1019	0.171	0.012	0.035	0.287	0.002	0.083	0.064	0.018	0.125	0.002	0.023	0.019	0.008	0.043	0.026	0.084
24	102	0.325	0.009	0.075	0.106	0.001	0.128	0.035	0.022	0.127	0.002	0.045	0.009	0.006	0.048	0.031	0.032
25	1020	0.356	0.007	0.064	0.067	0.001	0.125	0.035	0.025	0.160	0.002	0.037	0.012	0.004	0.050	0.023	0.030
26	1021	0.304	0.006	0.065	0.086	0.001	0.152	0.059	0.018	0.174	0.001	0.028	0.008	0.005	0.045	0.017	0.030
27	1022	0.203	0.017	0.085	0.075	0.002	0.121	0.030	0.030	0.213	0.002	0.033	0.020	0.004	0.063	0.064	0.038
28	1023	0.271	0.011	0.054	0.079	0.001	0.193	0.031	0.025	0.152	0.002	0.055	0.012	0.007	0.052	0.022	0.034
29	1024	0.534	0.003	0.064	0.101	0.015	0.022	0.009	0.032	0.107	0.001	0.029	0.022	0.012	0.020	0.018	0.011
30	1025	0.311	0.013	0.055	0.132	0.003	0.143	0.029	0.023	0.107	0.001	0.035	0.009	0.004	0.056	0.027	0.053
31	1026	0.308	0.006	0.071	0.062	0.001	0.268	0.032	0.030	0.069	0.001	0.034	0.004	0.009	0.060	0.016	0.027
32	1027	0.124	0.023	0.069	0.207	0.004	0.158	0.055	0.037	0.041	0.003	0.079	0.029	0.020	0.044	0.022	0.084
33	1028	0.380	0.008	0.060	0.085	0.001	0.155	0.030	0.025	0.091	0.002	0.042	0.008	0.006	0.053	0.018	0.036
34	1029	0.265	0.013	0.076	0.078	0.010	0.081	0.027	0.006	0.167	0.003	0.029	0.021	0.013	0.109	0.053	0.048
35	103	0.229	0.007	0.049	0.096	0.002	0.126	0.142	0.013	0.163	0.002	0.041	0.010	0.007	0.064	0.017	0.031
36	1030	0.494	0.011	0.072	0.090	0.002	0.052	0.018	0.019	0.065	0.003	0.043	0.009	0.005	0.037	0.048	0.031
37	1031	0.140	0.011	0.102	0.091	0.008	0.062	0.035	0.015	0.245	0.004	0.033	0.026	0.008	0.054	0.054	0.112
38	1032	0.357	0.010	0.073	0.093	0.001	0.129	0.021	0.022	0.141	0.001	0.028	0.009	0.004	0.051	0.026	0.035
39	1033	0.327	0.005	0.048	0.088	0.003	0.168	0.032	0.018	0.110	0.001	0.039	0.011	0.008	0.081	0.016	0.044
40	1034	0.303	0.013	0.086	0.084	0.002	0.103	0.038	0.017	0.187	0.001	0.026	0.012	0.003	0.050	0.032	0.041
41	1035	0.317	0.008	0.071	0.070	0.001	0.146	0.038	0.034	0.128	0.002	0.044	0.010	0.006	0.071	0.021	0.033
42	1036	0.319	0.006	0.067	0.077	0.002	0.175	0.034	0.022	0.157	0.002	0.031	0.010	0.005	0.045	0.018	0.031
43	1037	0.389	0.009	0.063	0.114	0.002	0.087	0.031	0.016	0.144	0.002	0.036	0.009	0.004	0.038	0.024	0.032
44	1038	0.371	0.009	0.062	0.074	0.001	0.164	0.042	0.019	0.112	0.002	0.032	0.009	0.005	0.045	0.021	0.031
45	1039	0.204	0.038	0.076	0.108	0.003	0.140	0.016	0.034	0.095	0.003	0.078	0.031	0.040	0.079	0.031	0.024
46	104	0.454	0.016	0.045	0.092	0.002	0.096	0.025	0.009	0.152	0.002	0.020	0.009	0.003	0.026	0.021	0.028
47	1040	0.158	0.006	0.074	0.127	0.002	0.078	0.198	0.017	0.211	0.002	0.043	0.007	0.004	0.030	0.015	0.027
48	1041	0.302	0.006	0.061	0.078	0.001	0.130	0.058	0.015	0.197	0.001	0.036	0.006	0.004	0.059	0.022	0.024
49	1042	0.309	0.005	0.060	0.091	0.001	0.112	0.060	0.014	0.205	0.001	0.035	0.007	0.007	0.045	0.020	0.027
50	1043	0.270	0.015	0.088	0.060	0.002	0.239	0.050	0.014	0.111	0.005	0.027	0.011	0.007	0.040	0.027	0.033
51	1044	0.349	0.008	0.050	0.063	0.003	0.115	0.020	0.025	0.228	0.003	0.022	0.010	0.004	0.042	0.021	0.039
52	1045	0.268	0.011	0.054	0.166	0.002	0.092	0.034	0.024	0.116	0.005	0.044	0.017	0.009	0.065	0.031	0.064
53	1046	0.434	0.027	0.026	0.031	0.003	0.044	0.083	0.008	0.011	0.003	0.175	0.020	0.004	0.088	0.021	0.023
54	1047	0.310	0.012	0.036	0.085	0.010	0.147	0.022	0.026	0.114	0.002	0.058	0.018	0.006	0.092	0.025	0.036
55	1048	0.332	0.008	0.056	0.091	0.001	0.146	0.029	0.033	0.116	0.002	0.041	0.009	0.007	0.079	0.022	0.026
56	1049	0.321	0.010	0.081	0.076	0.001	0.193	0.035	0.034	0.102	0.001	0.045	0.008	0.003	0.041	0.018	0.030
57	105	0.362	0.013	0.076	0.093	0.003	0.182	0.034	0.024	0.058	0.005	0.034	0.013	0.005	0.035	0.025	0.036
58	1050	0.241	0.029	0.118	0.090	0.003	0.112	0.021	0.015	0.129	0.002	0.078	0.019	0.005	0.054	0.058	0.025
59	1051	0.326	0.009	0.060	0.072	0.001	0.158	0.040	0.020	0.122	0.002	0.043	0.009	0.005	0.067	0.022	0.046
60	1052	0.023	0.045	0.128	0.250	0.022	0.134	0.015	0.008	0.077	0.003	0.019	0.008	0.005	0.023	0.037	0.201
61	1053	0.349	0.008	0.066	0.083	0.001	0.149	0.029	0.026	0.121	0.002	0.039	0.010	0.004	0.053	0.019	0.040
62	1054	0.370	0.004	0.053	0.101	0.001	0.091	0.086	0.015	0.137	0.001	0.045	0.004	0.005	0.036	0.021	0.030
63	1055	0.387	0.013	0.049	0.118	0.001	0.069	0.050	0.017	0.197	0.002	0.027	0.009	0.004	0.026	0.013	0.018
64	1056	0.273	0.014	0.072	0.096	0.003	0.110	0.035	0.022	0.228	0.002	0.031	0.011	0.006	0.031	0.030	0.036
65	1057	0.293	0.027	0.027	0.057	0.011	0.096	0.032	0.017	0.138	0.001	0.044	0.036	0.012	0.122	0.020	0.067
66	1058	0.140	0.007	0.142	0.073	0.002	0.222	0.021	0.022	0.203	0.001	0.030	0.008	0.014	0.069	0.013	0.032
67	1059	0.509	0.015	0.064	0.062	0.012	0.071	0.032	0.013	0.076	0.004	0.025	0.017	0.004	0.027	0.041	0.028
68	106	0.425	0.014	0.069	0.071	0.002	0.051	0.017	0.019	0.201	0.001	0.035	0.013	0.004	0.032	0.027	0.018
69	1060	0.436	0.006	0.070	0.085	0.002	0.106	0.053	0.033	0.093	0.001	0.029	0.010	0.003	0.037	0.012	0.025
70	1061	0.281	0.010	0.084	0.088	0.002	0.142	0.050	0.033	0.107	0.001	0.048	0.014	0.004	0.058	0.032	0.045
71	1062	0.259	0.017	0.094	0.089	0.002	0.129	0.040	0.020	0.153	0.008	0.035	0.020	0.008	0.051	0.030	0.045
72	1063	0.328	0.005	0.065	0.089	0.001	0.136	0.048	0.021	0.168	0.002	0.033	0.006	0.006	0.044	0.017	0.032
73	1064	0.599	0.012	0.043	0.038	0.001	0.059	0.037	0.011	0.090	0.003	0.016	0.008	0.001	0.044	0.016	0.021
74	1065	0.250	0.014	0.052	0.111	0.001	0.163	0.037	0.021	0.152	0.002	0.047	0.010	0.006	0.070	0.027	0.038
75	1066	0.309	0.015	0.055	0.109	0.001	0.128	0.039	0.020	0.148	0.005	0.042	0.013	0.007	0.065	0.024	0.020
76	1067	0.169	0.005	0.055	0.103	0.004	0.309	0.021	0.030	0.113	0.004	0.046	0.012	0.011	0.059	0.025	0.035
77	1068	0.328	0.012	0.050	0.107	0.002	0.146	0.041	0.009	0.147	0.002	0.034	0.017	0.005	0.049	0.023	0.027
78	1069	0.284	0.012	0.103	0.067	0.001	0.170	0.038	0.019	0.158	0.003	0.031	0.011	0.004	0.043	0.019	0.035
79	107	0.207	0.010	0.075	0.146	0.002	0.209	0.019	0.017	0.138	0.002	0.040	0.010	0.006	0.051	0.027	0.041
80	1070	0.376	0.007	0.064	0.068	0.001	0.124	0.041	0.025	0.168	0.001	0.023	0.006	0.004	0.031	0.019	0.041
81	1071	0.187	0.028	0.097	0.071	0.005	0.165	0.061	0.034	0.065	0.001	0.051	0.022	0.004	0.088	0.080	0.040
82	1072	0.231	0.005	0.087	0.121	0.002	0.146	0.026	0.041	0.198	0.001	0.021	0.011	0.009	0.028	0.039	0.033
83	1073	0.383	0.011	0.039	0.038	0.003	0.230	0.027	0.024	0.075	0.002	0.039	0.021	0.009	0.043	0.021	0.035
84	1074	0.245	0.030	0.084	0.053	0.006	0.221	0.004	0.008	0.115	0.001	0.014	0.024	0.007	0.062	0.063	0.066
85	1075	0.275	0.010	0.096	0.094	0.003	0.113	0.043	0.022	0.163	0.005	0.038	0.015	0.015	0.051	0.026	0.031
86	1076	0.289	0.016	0.026	0.151	0.003	0.113	0.028	0.014	0.090	0.001	0.049	0.011	0.004	0.139	0.016	0.049
87	1077	0.244	0.010	0.064	0.063	0.004	0.116	0.053	0.053	0.118	0.002	0.071	0.016	0.010	0.098	0.034	0.045
88	1078	0.218	0.009	0.057	0.049	0.002	0.182	0.013	0.026	0.263	0.001	0.029	0.007	0.004	0.047	0.038	0.055
89	1079	0.320	0.009	0.053	0.102	0.001	0.150	0.025	0.028	0.159	0.002	0.032	0.010	0.009	0.048	0.016	0.036
90	108	0.277	0.015	0.086	0.060	0.003	0.221	0.047	0.029	0.091	0.004	0.038	0.008	0.010	0.062	0.020	0.029
91	1080	0.216	0.037	0.068	0.089	0.002	0.181	0.038	0.020	0.154	0.004	0.045	0.020	0.004	0.076	0.022	0.024
92	1081	0.276	0.023	0.045	0.095	0.003	0.288	0.026	0.009	0.082	0.002	0.013	0.012	0.002	0.024	0.032	0.069
93	1082	0.374	0.008	0.050	0.072	0.001	0.188	0.037	0.021	0.120	0.002	0.038	0.006	0.003	0.040	0.016	0.026
94	1083	0.273	0.018	0.083	0.095	0.002	0.145	0.033	0.046	0.140	0.002	0.037	0.013	0.005	0.056	0.021	0.031
95	1084	0.370	0.010	0.037	0.087	0.002	0.246	0.021	0.018	0.096	0.003	0.020	0.013	0.015	0.033	0.008	0.021
96	1085	0.151	0.024	0.062	0.054	0.007	0.138	0.017	0.062	0.069	0.001	0.120	0.014	0.015	0.187	0.022	0.060
97	1086	0.326	0.010	0.058	0.074	0.002	0.126	0.029	0.015	0.166	0.002	0.049	0.008	0.004	0.071	0.025	0.035
98	1087	0.353	0.015	0.105	0.049	0.002	0.082	0.027	0.032	0.141	0.002	0.057	0.011	0.012	0.034	0.013	0.063
99	1088	0.319	0.013	0.045	0.117	0.002	0.115	0.041	0.010	0.193	0.004	0.027	0.010	0.007	0.042	0.025	0.030
100	1089	0.372	0.029	0.042	0.058	0.002	0.151	0.048	0.024	0.072	0.002	0.048	0.016	0.010	0.082	0.015	0.029
101	109	0.328	0.012	0.069	0.049	0.001	0.183	0.053	0.013	0.133	0.003	0.027	0.013	0.004	0.056	0.026	0.029
102	1090	0.267	0.016	0.085	0.069	0.002	0.105	0.052	0.021	0.205	0.003	0.031	0.014	0.009	0.036	0.045	0.039
103	1091	0.279	0.004	0.057	0.078	0.001	0.131	0.087	0.022	0.241	0.003	0.013	0.004	0.007	0.037	0.017	0.019
104	1092	0.342	0.011	0.060	0.072	0.001	0.172	0.048	0.012	0.143	0.001	0.036	0.007	0.006	0.050	0.016	0.022
105	1093	0.332	0.004	0.168	0.073	0.002	0.099	0.015	0.041	0.057	0.001	0.053	0.026	0.008	0.067	0.031	0.022
106	1094	0.290	0.020	0.087	0.119	0.002	0.142	0.024	0.022	0.089	0.010	0.062	0.008	0.012	0.061	0.024	0.029
107	1095	0.301	0.009	0.071	0.080	0.002	0.142	0.047	0.019	0.165	0.002	0.040	0.009	0.007	0.042	0.019	0.044
108	1096	0.390	0.007	0.057	0.067	0.001	0.169	0.034	0.020	0.119	0.003	0.029	0.009	0.005	0.043	0.016	0.031
109	1097	0.360	0.009	0.060	0.083	0.001	0.157	0.032	0.024	0.126	0.002	0.025	0.008	0.006	0.051	0.026	0.032
110	1098	0.225	0.005	0.059	0.050	0.001	0.179	0.033	0.028	0.259	0.002	0.025	0.011	0.021	0.067	0.013	0.022
111	1099	0.204	0.018	0.060	0.110	0.002	0.215	0.021	0.023	0.062	0.001	0.080	0.015	0.001	0.091	0.068	0.027
112	11	0.332	0.014	0.054	0.093	0.006	0.106	0.018	0.015	0.166	0.004	0.046	0.032	0.006	0.046	0.028	0.033
113	110	0.259	0.009	0.042	0.113	0.002	0.155	0.033	0.021	0.161	0.002	0.039	0.010	0.008	0.078	0.018	0.050
114	1100	0.278	0.010	0.065	0.100	0.002	0.103	0.024	0.026	0.185	0.003	0.036	0.014	0.008	0.059	0.026	0.059
115	1101	0.315	0.008	0.054	0.097	0.001	0.110	0.055	0.016	0.216	0.002	0.026	0.006	0.006	0.046	0.015	0.028
116	1102	0.332	0.008	0.066	0.066	0.001	0.178	0.037	0.028	0.127	0.001	0.046	0.007	0.004	0.058	0.013	0.027
117	1103	0.295	0.015	0.072	0.094	0.001	0.162	0.024	0.018	0.103	0.001	0.038	0.012	0.003	0.078	0.034	0.049
118	1104	0.162	0.008	0.046	0.223	0.013	0.077	0.023	0.015	0.070	0.020	0.051	0.050	0.015	0.113	0.048	0.064
119	1105	0.356	0.008	0.073	0.085	0.001	0.164	0.031	0.027	0.104	0.002	0.040	0.009	0.005	0.046	0.021	0.028
120	1106	0.347	0.007	0.055	0.062	0.001	0.145	0.054	0.021	0.175	0.001	0.040	0.006	0.005	0.039	0.015	0.027
121	1107	0.318	0.012	0.088	0.196	0.001	0.061	0.031	0.012	0.119	0.001	0.027	0.018	0.007	0.031	0.032	0.044
122	1108	0.126	0.020	0.085	0.115	0.002	0.098	0.039	0.040	0.232	0.003	0.037	0.022	0.008	0.086	0.045	0.041
123	1109	0.352	0.007	0.077	0.136	0.001	0.069	0.072	0.015	0.075	0.001	0.057	0.013	0.002	0.057	0.023	0.042
124	111	0.203	0.007	0.068	0.124	0.003	0.230	0.025	0.025	0.127	0.005	0.027	0.015	0.014	0.068	0.025	0.036
125	1110	0.402	0.012	0.091	0.049	0.001	0.123	0.039	0.019	0.133	0.001	0.032	0.006	0.003	0.036	0.018	0.035
126	1111	0.528	0.011	0.057	0.058	0.002	0.054	0.022	0.016	0.134	0.001	0.031	0.004	0.003	0.041	0.015	0.023
127	1112	0.312	0.006	0.123	0.069	0.001	0.143	0.025	0.033	0.093	0.002	0.048	0.014	0.005	0.052	0.041	0.033
128	1113	0.306	0.008	0.046	0.124	0.002	0.140	0.061	0.044	0.062	0.005	0.063	0.019	0.029	0.052	0.025	0.013
129	1114	0.334	0.007	0.065	0.079	0.001	0.136	0.034	0.028	0.152	0.002	0.037	0.010	0.007	0.045	0.021	0.040
130	1115	0.186	0.006	0.086	0.056	0.001	0.195	0.048	0.032	0.195	0.005	0.053	0.012	0.010	0.061	0.023	0.032
131	1116	0.324	0.008	0.062	0.143	0.004	0.154	0.024	0.007	0.070	0.006	0.023	0.020	0.017	0.042	0.042	0.054
132	1117	0.327	0.012	0.055	0.072	0.001	0.150	0.025	0.024	0.202	0.002	0.033	0.008	0.007	0.051	0.010	0.019
133	1118	0.292	0.005	0.059	0.089	0.001	0.142	0.060	0.024	0.190	0.001	0.032	0.006	0.005	0.050	0.017	0.027
134	1119	0.222	0.014	0.048	0.100	0.004	0.249	0.031	0.015	0.126	0.001	0.029	0.014	0.007	0.062	0.025	0.052
135	112	0.324	0.010	0.062	0.083	0.002	0.139	0.034	0.032	0.151	0.002	0.035	0.013	0.006	0.050	0.021	0.036
136	1120	0.288	0.007	0.100	0.089	0.002	0.065	0.036	0.022	0.171	0.001	0.037	0.014	0.005	0.052	0.080	0.030
137	1121	0.314	0.007	0.059	0.061	0.002	0.174	0.048	0.034	0.139	0.004	0.026	0.013	0.014	0.069	0.011	0.025
138	1122	0.370	0.027	0.085	0.081	0.003	0.053	0.002	0.007	0.048	0.007	0.119	0.008	0.004	0.135	0.033	0.016
139	1123	0.307	0.009	0.058	0.093	0.002	0.169	0.041	0.020	0.138	0.001	0.039	0.010	0.006	0.057	0.017	0.035
140	1124	0.236	0.018	0.113	0.109	0.003	0.150	0.050	0.024	0.145	0.003	0.032	0.017	0.012	0.026	0.026	0.035
141	1125	0.228	0.011	0.078	0.097	0.002	0.143	0.039	0.038	0.097	0.003	0.070	0.011	0.009	0.117	0.018	0.040
142	1126	0.319	0.009	0.069	0.062	0.002	0.149	0.043	0.019	0.159	0.003	0.036	0.009	0.005	0.054	0.024	0.037
143	1127	0.364	0.009	0.057	0.067	0.001	0.129	0.035	0.018	0.168	0.001	0.050	0.008	0.003	0.048	0.011	0.032
144	1128	0.319	0.008	0.071	0.089	0.001	0.153	0.033	0.028	0.142	0.002	0.039	0.010	0.007	0.047	0.018	0.032
145	1129	0.289	0.010	0.064	0.065	0.001	0.171	0.045	0.018	0.168	0.002	0.035	0.008	0.004	0.062	0.025	0.032
146	113	0.340	0.007	0.057	0.067	0.001	0.173	0.048	0.026	0.132	0.002	0.041	0.008	0.003	0.053	0.014	0.029
147	1130	0.302	0.009	0.061	0.092	0.003	0.123	0.047	0.013	0.190	0.003	0.039	0.010	0.005	0.047	0.021	0.035
148	1131	0.209	0.006	0.071	0.101	0.004	0.144	0.030	0.013	0.251	0.004	0.029	0.012	0.007	0.055	0.027	0.037
149	1132	0.398	0.009	0.051	0.087	0.001	0.133	0.029	0.016	0.117	0.001	0.042	0.009	0.006	0.056	0.019	0.025
150	1133	0.407	0.027	0.060	0.039	0.002	0.082	0.028	0.014	0.142	0.003	0.033	0.019	0.003	0.072	0.025	0.046
151	1134	0.361	0.012	0.064	0.081	0.001	0.138	0.057	0.033	0.093	0.001	0.033	0.010	0.003	0.054	0.025	0.035
152	1135	0.448	0.019	0.040	0.097	0.001	0.095	0.034	0.012	0.107	0.002	0.019	0.013	0.013	0.069	0.020	0.013
153	1136	0.348	0.008	0.063	0.073	0.001	0.184	0.030	0.027	0.099	0.002	0.044	0.009	0.005	0.055	0.018	0.035
154	1137	0.320	0.010	0.068	0.087	0.002	0.129	0.027	0.019	0.133	0.001	0.054	0.011	0.004	0.079	0.025	0.029
155	1138	0.230	0.031	0.054	0.049	0.004	0.256	0.037	0.027	0.150	0.002	0.027	0.017	0.009	0.050	0.016	0.039
156	1139	0.289	0.009	0.068	0.096	0.001	0.080	0.024	0.019	0.211	0.001	0.043	0.014	0.005	0.081	0.031	0.028
157	114	0.201	0.012	0.085	0.080	0.005	0.321	0.019	0.022	0.045	0.009	0.025	0.010	0.005	0.050	0.036	0.076
158	1140	0.269	0.012	0.059	0.114	0.001	0.119	0.047	0.020	0.150	0.002	0.050	0.013	0.005	0.061	0.028	0.051
159	1141	0.373	0.010	0.049	0.092	0.001	0.123	0.025	0.022	0.148	0.002	0.023	0.009	0.008	0.056	0.020	0.039
160	1142	0.370	0.007	0.056	0.082	0.002	0.137	0.027	0.035	0.138	0.002	0.029	0.010	0.010	0.050	0.016	0.029
161	1143	0.256	0.015	0.086	0.065	0.003	0.109	0.035	0.044	0.154	0.003	0.032	0.023	0.004	0.063	0.036	0.072
162	1144	0.231	0.013	0.077	0.145	0.004	0.107	0.045	0.022	0.151	0.002	0.036	0.017	0.006	0.057	0.035	0.051
163	1145	0.354	0.008	0.050	0.086	0.001	0.152	0.039	0.024	0.141	0.002	0.034	0.013	0.005	0.047	0.017	0.029
164	1146	0.261	0.011	0.061	0.103	0.003	0.095	0.021	0.038	0.158	0.004	0.055	0.014	0.018	0.089	0.028	0.040
165	1147	0.366	0.004	0.074	0.077	0.001	0.140	0.051	0.013	0.141	0.001	0.025	0.005	0.003	0.048	0.015	0.036
166	1148	0.437	0.015	0.039	0.125	0.025	0.075	0.022	0.006	0.068	0.006	0.001	0.023	0.007	0.014	0.079	0.058
167	1149	0.332	0.020	0.089	0.083	0.001	0.068	0.030	0.004	0.173	0.001	0.046	0.008	0.001	0.071	0.026	0.049
168	115	0.195	0.051	0.066	0.277	0.001	0.020	0.005	0.023	0.216	0.008	0.016	0.015	0.006	0.059	0.030	0.013
169	1150	0.298	0.008	0.072	0.101	0.001	0.107	0.065	0.017	0.178	0.001	0.027	0.005	0.005	0.033	0.037	0.044
170	1151	0.234	0.008	0.126	0.075	0.001	0.080	0.061	0.009	0.187	0.004	0.044	0.014	0.004	0.082	0.039	0.033
171	1152	0.200	0.008	0.059	0.201	0.003	0.090	0.044	0.019	0.211	0.001	0.023	0.007	0.006	0.062	0.027	0.039
172	1153	0.394	0.010	0.038	0.062	0.015	0.119	0.040	0.101	0.037	0.002	0.010	0.002	0.005	0.034	0.023	0.108
173	1154	0.296	0.016	0.095	0.053	0.003	0.087	0.054	0.041	0.111	0.003	0.072	0.012	0.004	0.063	0.032	0.058
174	1155	0.263	0.010	0.047	0.082	0.003	0.170	0.021	0.044	0.173	0.006	0.025	0.009	0.008	0.059	0.022	0.059
175	1156	0.270	0.021	0.040	0.062	0.005	0.196	0.072	0.025	0.104	0.002	0.038	0.019	0.004	0.064	0.022	0.057
176	1157	0.283	0.007	0.090	0.079	0.002	0.166	0.033	0.039	0.152	0.001	0.046	0.011	0.008	0.037	0.016	0.031
177	1158	0.181	0.015	0.105	0.064	0.004	0.145	0.030	0.058	0.159	0.001	0.048	0.013	0.014	0.062	0.047	0.054
178	1159	0.277	0.007	0.093	0.071	0.001	0.188	0.038	0.026	0.143	0.002	0.032	0.010	0.004	0.057	0.022	0.028
179	116	0.457	0.012	0.055	0.055	0.004	0.129	0.050	0.009	0.083	0.007	0.042	0.015	0.003	0.042	0.015	0.021
180	1160	0.240	0.010	0.071	0.074	0.002	0.152	0.035	0.022	0.161	0.003	0.046	0.011	0.016	0.073	0.034	0.049
181	1161	0.316	0.006	0.073	0.075	0.001	0.172	0.038	0.029	0.129	0.001	0.044	0.006	0.004	0.055	0.016	0.034
182	1162	0.401	0.011	0.039	0.127	0.001	0.113	0.022	0.019	0.085	0.002	0.040	0.010	0.006	0.072	0.021	0.031
183	1163	0.305	0.006	0.069	0.086	0.001	0.122	0.072	0.021	0.175	0.001	0.032	0.008	0.004	0.050	0.024	0.024
184	1164	0.362	0.013	0.061	0.080	0.002	0.107	0.031	0.013	0.169	0.002	0.041	0.010	0.004	0.050	0.024	0.032
185	1165	0.303	0.018	0.071	0.047	0.005	0.105	0.047	0.006	0.104	0.003	0.067	0.039	0.003	0.072	0.060	0.051
186	1166	0.148	0.022	0.177	0.110	0.002	0.122	0.025	0.020	0.162	0.002	0.034	0.021	0.006	0.081	0.039	0.027
187	1167	0.291	0.013	0.075	0.078	0.001	0.126	0.073	0.023	0.140	0.002	0.054	0.014	0.003	0.046	0.021	0.041
188	1168	0.374	0.013	0.061	0.036	0.002	0.146	0.033	0.032	0.188	0.005	0.022	0.011	0.008	0.026	0.017	0.025
189	1169	0.332	0.004	0.066	0.068	0.001	0.095	0.043	0.019	0.230	0.002	0.033	0.007	0.005	0.056	0.016	0.023
190	117	0.311	0.008	0.068	0.110	0.002	0.116	0.037	0.026	0.107	0.002	0.045	0.011	0.011	0.083	0.027	0.039
191	1170	0.327	0.003	0.072	0.081	0.001	0.095	0.118	0.015	0.148	0.002	0.034	0.010	0.002	0.042	0.022	0.028
192	1171	0.347	0.006	0.052	0.071	0.001	0.142	0.087	0.022	0.129	0.001	0.047	0.006	0.003	0.045	0.014	0.028
193	1172	0.262	0.012	0.065	0.081	0.001	0.174	0.036	0.016	0.183	0.003	0.029	0.012	0.007	0.054	0.031	0.033
194	1173	0.310	0.008	0.055	0.058	0.001	0.164	0.049	0.022	0.108	0.001	0.042	0.006	0.003	0.122	0.019	0.031
195	1174	0.255	0.007	0.062	0.079	0.001	0.138	0.127	0.020	0.171	0.004	0.039	0.008	0.007	0.038	0.016	0.029
196	1175	0.307	0.030	0.068	0.086	0.002	0.090	0.032	0.016	0.137	0.001	0.040	0.014	0.006	0.063	0.045	0.064
197	1176	0.153	0.017	0.057	0.131	0.003	0.207	0.034	0.019	0.111	0.003	0.036	0.020	0.005	0.089	0.048	0.067
198	1177	0.381	0.009	0.065	0.081	0.001	0.142	0.031	0.017	0.143	0.002	0.029	0.008	0.004	0.037	0.021	0.030
199	1178	0.298	0.014	0.076	0.102	0.002	0.136	0.019	0.011	0.157	0.008	0.035	0.020	0.006	0.049	0.028	0.038
200	1179	0.329	0.009	0.078	0.082	0.002	0.135	0.050	0.014	0.137	0.003	0.045	0.008	0.004	0.045	0.024	0.035
201	118	0.338	0.006	0.059	0.079	0.001	0.125	0.039	0.030	0.135	0.001	0.054	0.019	0.007	0.041	0.024	0.040
202	1180	0.484	0.006	0.040	0.065	0.002	0.113	0.019	0.036	0.076	0.003	0.033	0.013	0.013	0.060	0.019	0.018
203	1181	0.249	0.009	0.051	0.125	0.001	0.239	0.020	0.034	0.136	0.002	0.028	0.011	0.009	0.039	0.014	0.033
204	1182	0.263	0.012	0.055	0.128	0.002	0.097	0.041	0.010	0.157	0.003	0.040	0.018	0.007	0.072	0.033	0.063
205	1183	0.370	0.007	0.041	0.084	0.004	0.167	0.040	0.018	0.110	0.002	0.029	0.010	0.007	0.063	0.017	0.031
206	1184	0.395	0.009	0.047	0.080	0.003	0.142	0.037	0.015	0.125	0.002	0.024	0.014	0.009	0.045	0.022	0.030
207	1185	0.254	0.026	0.046	0.112	0.002	0.099	0.045	0.017	0.215	0.003	0.036	0.009	0.004	0.036	0.036	0.059
208	1186	0.306	0.009	0.044	0.079	0.002	0.120	0.019	0.025	0.175	0.004	0.035	0.023	0.009	0.079	0.035	0.036
209	1187	0.280	0.009	0.099	0.084	0.001	0.184	0.036	0.028	0.091	0.003	0.056	0.010	0.005	0.071	0.015	0.029
210	1188	0.336	0.010	0.082	0.083	0.004	0.106	0.051	0.027	0.143	0.004	0.040	0.013	0.005	0.045	0.021	0.029
211	1189	0.342	0.012	0.061	0.098	0.002	0.116	0.036	0.023	0.127	0.002	0.058	0.015	0.004	0.044	0.020	0.041
212	119	0.313	0.013	0.057	0.068	0.002	0.185	0.026	0.033	0.163	0.002	0.022	0.007	0.003	0.063	0.017	0.026
213	1190	0.128	0.014	0.047	0.071	0.004	0.168	0.018	0.036	0.195	0.003	0.078	0.026	0.013	0.115	0.043	0.042
214	1191	0.262	0.007	0.078	0.079	0.001	0.156	0.058	0.022	0.180	0.002	0.035	0.005	0.005	0.057	0.020	0.033
215	1192	0.369	0.011	0.048	0.070	0.001	0.187	0.031	0.025	0.097	0.003	0.044	0.012	0.005	0.042	0.018	0.037
216	1193	0.149	0.014	0.074	0.126	0.001	0.123	0.037	0.020	0.219	0.003	0.068	0.018	0.019	0.083	0.026	0.020
217	1194	0.347	0.010	0.046	0.097	0.002	0.141	0.046	0.023	0.126	0.002	0.034	0.008	0.006	0.051	0.031	0.030
218	1195	0.340	0.015	0.066	0.107	0.002	0.126	0.038	0.018	0.127	0.002	0.039	0.008	0.003	0.054	0.026	0.029
219	1196	0.346	0.011	0.051	0.079	0.001	0.140	0.034	0.031	0.103	0.003	0.039	0.009	0.007	0.063	0.024	0.058
220	1197	0.135	0.010	0.040	0.015	0.012	0.008	0.031	0.044	0.598	0.002	0.020	0.040	0.025	0.010	0.004	0.006
221	1198	0.424	0.016	0.051	0.032	0.003	0.092	0.073	0.021	0.138	0.001	0.011	0.013	0.015	0.036	0.024	0.049
222	1199	0.195	0.012	0.125	0.106	0.005	0.151	0.046	0.054	0.111	0.004	0.040	0.012	0.008	0.055	0.032	0.045
223	12	0.321	0.009	0.068	0.076	0.001	0.186	0.031	0.023	0.118	0.002	0.036	0.008	0.005	0.062	0.017	0.038
224	120	0.219	0.011	0.064	0.235	0.004	0.139	0.024	0.006	0.101	0.002	0.020	0.009	0.007	0.132	0.012	0.014
225	1200	0.311	0.015	0.100	0.094	0.003	0.086	0.032	0.016	0.125	0.002	0.048	0.016	0.007	0.070	0.042	0.033
226	1201	0.241	0.025	0.102	0.056	0.002	0.055	0.021	0.028	0.194	0.001	0.059	0.014	0.009	0.092	0.030	0.071
227	1202	0.328	0.009	0.072	0.081	0.001	0.131	0.033	0.022	0.164	0.003	0.033	0.011	0.011	0.054	0.027	0.022
228	1203	0.250	0.042	0.069	0.044	0.003	0.237	0.037	0.021	0.156	0.003	0.023	0.008	0.007	0.047	0.031	0.021
229	1204	0.298	0.007	0.061	0.096	0.001	0.074	0.077	0.015	0.224	0.002	0.025	0.009	0.005	0.043	0.029	0.036
230	1205	0.383	0.005	0.077	0.080	0.001	0.061	0.049	0.041	0.095	0.002	0.025	0.015	0.009	0.049	0.083	0.024
231	1206	0.286	0.041	0.104	0.094	0.002	0.117	0.018	0.014	0.175	0.002	0.018	0.036	0.002	0.061	0.015	0.015
232	1207	0.139	0.002	0.021	0.217	0.021	0.165	0.011	0.036	0.220	0.001	0.003	0.011	0.002	0.034	0.022	0.095
233	1208	0.239	0.028	0.066	0.137	0.002	0.163	0.030	0.027	0.082	0.004	0.019	0.018	0.007	0.060	0.037	0.081
234	1209	0.335	0.011	0.069	0.071	0.001	0.156	0.035	0.024	0.150	0.002	0.034	0.014	0.005	0.048	0.019	0.025
235	121	0.303	0.007	0.057	0.098	0.001	0.190	0.029	0.028	0.136	0.002	0.039	0.010	0.006	0.050	0.018	0.026
236	1210	0.329	0.021	0.064	0.064	0.002	0.139	0.046	0.019	0.135	0.002	0.034	0.016	0.003	0.068	0.023	0.035
237	1211	0.345	0.014	0.057	0.068	0.002	0.167	0.030	0.029	0.113	0.003	0.026	0.012	0.007	0.064	0.029	0.032
238	1212	0.352	0.012	0.056	0.153	0.005	0.080	0.033	0.010	0.100	0.003	0.048	0.011	0.004	0.059	0.036	0.038
239	1213	0.341	0.013	0.048	0.061	0.001	0.117	0.058	0.021	0.208	0.001	0.028	0.012	0.002	0.029	0.029	0.032
240	1214	0.246	0.016	0.068	0.129	0.002	0.163	0.048	0.030	0.093	0.005	0.035	0.017	0.012	0.081	0.021	0.034
241	1215	0.335	0.016	0.096	0.081	0.002	0.118	0.027	0.023	0.137	0.001	0.030	0.011	0.006	0.052	0.026	0.040
242	1216	0.229	0.014	0.073	0.098	0.002	0.086	0.043	0.025	0.239	0.002	0.040	0.018	0.007	0.068	0.028	0.028
243	1217	0.247	0.033	0.036	0.026	0.003	0.337	0.024	0.010	0.070	0.002	0.042	0.030	0.004	0.062	0.027	0.047
244	1218	0.340	0.045	0.049	0.034	0.006	0.048	0.046	0.011	0.221	0.000	0.024	0.021	0.002	0.090	0.038	0.023
245	1219	0.237	0.014	0.073	0.169	0.003	0.156	0.042	0.007	0.077	0.004	0.045	0.015	0.005	0.056	0.051	0.046
246	122	0.188	0.011	0.033	0.079	0.001	0.164	0.037	0.020	0.296	0.004	0.033	0.014	0.016	0.074	0.010	0.020
247	1220	0.222	0.026	0.081	0.088	0.007	0.120	0.031	0.018	0.168	0.006	0.065	0.022	0.008	0.073	0.027	0.037
248	1221	0.400	0.009	0.058	0.068	0.002	0.135	0.038	0.025	0.139	0.004	0.022	0.018	0.010	0.037	0.016	0.020
249	1222	0.264	0.017	0.059	0.070	0.001	0.146	0.043	0.021	0.173	0.002	0.044	0.013	0.009	0.076	0.026	0.036
250	1223	0.376	0.008	0.056	0.049	0.001	0.133	0.034	0.028	0.193	0.002	0.028	0.010	0.005	0.044	0.010	0.024
251	1224	0.283	0.005	0.075	0.075	0.002	0.111	0.029	0.013	0.159	0.004	0.070	0.011	0.008	0.088	0.028	0.039
252	1225	0.215	0.017	0.110	0.088	0.003	0.178	0.032	0.028	0.168	0.004	0.045	0.019	0.009	0.026	0.015	0.041
253	1226	0.266	0.011	0.066	0.104	0.002	0.085	0.044	0.015	0.227	0.003	0.052	0.020	0.007	0.046	0.024	0.030
254	1227	0.137	0.038	0.045	0.054	0.005	0.101	0.012	0.064	0.255	0.002	0.039	0.017	0.045	0.015	0.067	0.105
255	1228	0.281	0.014	0.048	0.184	0.003	0.107	0.034	0.018	0.142	0.002	0.024	0.026	0.008	0.034	0.047	0.027
256	1229	0.269	0.023	0.061	0.168	0.003	0.154	0.015	0.057	0.066	0.004	0.027	0.023	0.005	0.056	0.037	0.032
257	123	0.282	0.007	0.070	0.085	0.001	0.125	0.045	0.013	0.216	0.002	0.035	0.007	0.005	0.047	0.025	0.034
258	1230	0.348	0.010	0.045	0.084	0.001	0.144	0.033	0.019	0.155	0.003	0.040	0.015	0.009	0.045	0.018	0.031
259	1231	0.367	0.031	0.071	0.034	0.004	0.190	0.024	0.038	0.063	0.011	0.021	0.018	0.026	0.057	0.022	0.023
260	1232	0.317	0.008	0.056	0.080	0.001	0.097	0.113	0.033	0.137	0.002	0.054	0.010	0.003	0.047	0.021	0.021
261	1233	0.343	0.019	0.069	0.100	0.001	0.151	0.030	0.016	0.128	0.002	0.030	0.008	0.005	0.040	0.024	0.034
262	1234	0.337	0.023	0.037	0.048	0.004	0.114	0.057	0.051	0.116	0.004	0.032	0.031	0.041	0.065	0.016	0.022
263	1235	0.235	0.035	0.086	0.091	0.004	0.065	0.046	0.026	0.085	0.004	0.078	0.032	0.006	0.121	0.037	0.049
264	1236	0.255	0.009	0.064	0.140	0.006	0.186	0.012	0.037	0.174	0.003	0.014	0.008	0.012	0.037	0.021	0.021
265	1237	0.419	0.024	0.115	0.020	0.008	0.115	0.063	0.009	0.066	0.001	0.020	0.023	0.004	0.031	0.061	0.023
266	1238	0.302	0.011	0.067	0.072	0.002	0.124	0.048	0.016	0.188	0.002	0.035	0.010	0.005	0.060	0.025	0.033
267	1239	0.278	0.014	0.056	0.101	0.003	0.130	0.037	0.017	0.145	0.005	0.037	0.021	0.013	0.093	0.022	0.029
268	124	0.351	0.004	0.068	0.068	0.001	0.130	0.048	0.018	0.167	0.001	0.035	0.006	0.004	0.052	0.018	0.030
269	1240	0.240	0.015	0.055	0.068	0.002	0.260	0.038	0.020	0.082	0.004	0.041	0.011	0.008	0.097	0.017	0.045
270	1241	0.306	0.010	0.109	0.061	0.001	0.176	0.022	0.029	0.144	0.001	0.024	0.010	0.003	0.054	0.017	0.033
271	1242	0.333	0.011	0.055	0.106	0.001	0.155	0.062	0.045	0.045	0.002	0.034	0.028	0.002	0.079	0.027	0.013
272	1243	0.310	0.007	0.074	0.082	0.001	0.156	0.041	0.016	0.190	0.001	0.024	0.008	0.004	0.031	0.022	0.033
273	1244	0.495	0.012	0.089	0.025	0.003	0.093	0.018	0.015	0.082	0.004	0.049	0.012	0.009	0.057	0.012	0.025
274	1245	0.245	0.005	0.050	0.108	0.001	0.124	0.058	0.018	0.239	0.002	0.037	0.007	0.005	0.053	0.019	0.030
275	1246	0.346	0.015	0.048	0.140	0.004	0.094	0.020	0.019	0.149	0.002	0.026	0.008	0.003	0.033	0.024	0.069
276	1247	0.262	0.009	0.091	0.113	0.002	0.130	0.029	0.019	0.129	0.002	0.041	0.016	0.005	0.081	0.035	0.036
277	1248	0.247	0.021	0.062	0.128	0.006	0.119	0.063	0.012	0.157	0.005	0.028	0.021	0.005	0.042	0.051	0.032
278	1249	0.465	0.011	0.060	0.020	0.003	0.331	0.038	0.003	0.018	0.001	0.000	0.018	0.001	0.016	0.010	0.005
279	125	0.413	0.040	0.041	0.029	0.004	0.023	0.027	0.018	0.169	0.001	0.061	0.016	0.003	0.095	0.028	0.031
280	1250	0.341	0.009	0.100	0.076	0.001	0.199	0.028	0.018	0.092	0.002	0.034	0.009	0.005	0.047	0.018	0.019
281	1251	0.305	0.007	0.055	0.099	0.001	0.163	0.039	0.021	0.135	0.003	0.043	0.013	0.006	0.065	0.018	0.026
282	1252	0.261	0.017	0.063	0.097	0.002	0.159	0.043	0.029	0.147	0.004	0.024	0.013	0.013	0.072	0.025	0.032
283	1253	0.410	0.012	0.048	0.077	0.001	0.126	0.035	0.017	0.121	0.001	0.038	0.009	0.005	0.038	0.027	0.035
284	1254	0.317	0.012	0.054	0.117	0.002	0.120	0.029	0.012	0.119	0.001	0.039	0.017	0.005	0.067	0.044	0.044
285	1255	0.205	0.014	0.072	0.073	0.002	0.163	0.030	0.019	0.142	0.001	0.040	0.010	0.011	0.073	0.059	0.086
286	1256	0.250	0.007	0.121	0.048	0.001	0.259	0.023	0.018	0.149	0.001	0.025	0.010	0.004	0.039	0.011	0.035
287	1257	0.312	0.009	0.065	0.079	0.001	0.132	0.059	0.017	0.193	0.001	0.024	0.007	0.004	0.046	0.020	0.031
288	1258	0.162	0.004	0.039	0.077	0.011	0.242	0.115	0.044	0.111	0.002	0.057	0.012	0.008	0.069	0.012	0.033
289	1259	0.300	0.006	0.047	0.103	0.001	0.148	0.030	0.030	0.195	0.002	0.028	0.007	0.011	0.037	0.018	0.039
290	126	0.380	0.025	0.041	0.207	0.001	0.062	0.006	0.004	0.076	0.002	0.045	0.014	0.006	0.058	0.046	0.027
291	1260	0.153	0.007	0.051	0.145	0.004	0.189	0.020	0.015	0.217	0.002	0.049	0.009	0.012	0.056	0.032	0.039
292	1261	0.296	0.016	0.070	0.089	0.003	0.131	0.030	0.046	0.073	0.001	0.031	0.013	0.006	0.083	0.065	0.046
293	1262	0.126	0.014	0.037	0.102	0.002	0.345	0.026	0.014	0.172	0.018	0.016	0.023	0.014	0.058	0.008	0.024
294	1263	0.234	0.009	0.106	0.111	0.003	0.144	0.047	0.025	0.129	0.001	0.064	0.011	0.003	0.054	0.023	0.034
295	1264	0.386	0.010	0.054	0.068	0.001	0.149	0.043	0.028	0.102	0.001	0.045	0.011	0.005	0.051	0.020	0.028
296	1265	0.339	0.008	0.080	0.096	0.002	0.130	0.041	0.017	0.162	0.002	0.035	0.011	0.004	0.033	0.020	0.022
297	1266	0.263	0.013	0.054	0.065	0.002	0.253	0.033	0.021	0.141	0.002	0.029	0.013	0.007	0.056	0.019	0.030
298	1267	0.300	0.010	0.068	0.115	0.002	0.117	0.029	0.016	0.136	0.001	0.034	0.014	0.007	0.092	0.024	0.035
299	1268	0.413	0.023	0.077	0.077	0.001	0.080	0.008	0.030	0.152	0.001	0.027	0.015	0.002	0.039	0.035	0.019
300	1269	0.082	0.004	0.134	0.051	0.001	0.104	0.138	0.028	0.115	0.001	0.066	0.003	0.014	0.110	0.060	0.090
301	127	0.228	0.018	0.050	0.064	0.003	0.180	0.024	0.041	0.188	0.003	0.042	0.015	0.018	0.074	0.017	0.036
302	1270	0.334	0.010	0.059	0.081	0.001	0.203	0.030	0.021	0.101	0.002	0.045	0.008	0.005	0.049	0.014	0.036
303	1271	0.292	0.015	0.061	0.065	0.001	0.134	0.038	0.034	0.122	0.001	0.074	0.012	0.005	0.084	0.031	0.032
304	1272	0.071	0.015	0.070	0.522	0.021	0.016	0.007	0.025	0.027	0.068	0.021	0.023	0.010	0.065	0.015	0.024
305	1273	0.326	0.011	0.095	0.109	0.002	0.117	0.027	0.010	0.107	0.004	0.028	0.015	0.004	0.066	0.040	0.039
306	1274	0.311	0.017	0.075	0.092	0.002	0.211	0.014	0.021	0.097	0.004	0.023	0.007	0.009	0.072	0.019	0.026
307	1275	0.337	0.017	0.045	0.135	0.007	0.093	0.058	0.019	0.113	0.002	0.026	0.011	0.002	0.078	0.028	0.028
308	1276	0.358	0.005	0.047	0.074	0.001	0.079	0.046	0.020	0.239	0.001	0.029	0.007	0.005	0.048	0.018	0.022
309	1277	0.327	0.004	0.066	0.098	0.002	0.132	0.017	0.026	0.162	0.001	0.024	0.009	0.010	0.051	0.033	0.039
310	1278	0.178	0.024	0.069	0.169	0.002	0.121	0.041	0.054	0.105	0.001	0.060	0.013	0.006	0.064	0.039	0.054
311	1279	0.334	0.011	0.053	0.094	0.003	0.154	0.035	0.015	0.137	0.003	0.035	0.017	0.007	0.046	0.023	0.033
312	128	0.311	0.019	0.078	0.144	0.001	0.097	0.041	0.021	0.123	0.003	0.038	0.015	0.004	0.043	0.030	0.033
313	1280	0.269	0.008	0.054	0.090	0.001	0.133	0.029	0.026	0.190	0.002	0.042	0.008	0.007	0.066	0.025	0.049
314	1281	0.387	0.009	0.051	0.062	0.004	0.098	0.067	0.012	0.152	0.003	0.028	0.015	0.004	0.042	0.029	0.037
315	1282	0.287	0.006	0.036	0.090	0.003	0.188	0.046	0.021	0.120	0.004	0.031	0.011	0.010	0.081	0.012	0.054
316	1283	0.184	0.040	0.061	0.097	0.006	0.207	0.035	0.015	0.056	0.000	0.037	0.026	0.004	0.103	0.015	0.113
317	1284	0.289	0.010	0.076	0.084	0.005	0.110	0.021	0.017	0.242	0.002	0.024	0.015	0.006	0.033	0.023	0.042
318	1285	0.345	0.008	0.096	0.062	0.002	0.106	0.040	0.014	0.112	0.002	0.048	0.010	0.005	0.104	0.028	0.018
319	1286	0.224	0.015	0.073	0.129	0.002	0.104	0.034	0.011	0.159	0.003	0.051	0.018	0.006	0.075	0.054	0.043
320	1287	0.313	0.008	0.060	0.071	0.002	0.165	0.040	0.018	0.165	0.003	0.038	0.011	0.009	0.051	0.018	0.027
321	1288	0.499	0.021	0.070	0.071	0.003	0.021	0.023	0.025	0.164	0.001	0.029	0.017	0.001	0.032	0.012	0.011
322	1289	0.174	0.009	0.079	0.161	0.002	0.171	0.014	0.018	0.168	0.006	0.033	0.010	0.014	0.072	0.021	0.047
323	129	0.295	0.020	0.093	0.139	0.002	0.097	0.041	0.023	0.121	0.002	0.040	0.016	0.004	0.040	0.032	0.036
324	1290	0.244	0.016	0.048	0.048	0.022	0.035	0.034	0.042	0.214	0.007	0.042	0.036	0.009	0.081	0.047	0.072
325	1291	0.304	0.007	0.045	0.142	0.002	0.135	0.060	0.031	0.082	0.001	0.046	0.007	0.007	0.054	0.030	0.047
326	1292	0.296	0.014	0.101	0.128	0.002	0.077	0.039	0.018	0.114	0.002	0.033	0.021	0.003	0.061	0.043	0.046
327	1293	0.243	0.009	0.052	0.081	0.002	0.183	0.045	0.027	0.212	0.001	0.028	0.015	0.011	0.036	0.020	0.035
328	1294	0.470	0.017	0.051	0.066	0.002	0.163	0.019	0.012	0.067	0.002	0.027	0.009	0.005	0.038	0.017	0.034
329	1295	0.253	0.014	0.062	0.090	0.002	0.155	0.025	0.021	0.156	0.002	0.035	0.013	0.007	0.075	0.027	0.063
330	1296	0.433	0.010	0.117	0.074	0.002	0.091	0.020	0.016	0.132	0.001	0.023	0.011	0.003	0.024	0.021	0.020
331	1297	0.401	0.007	0.060	0.080	0.001	0.130	0.038	0.020	0.113	0.002	0.038	0.009	0.004	0.052	0.016	0.028
332	1298	0.376	0.012	0.053	0.056	0.002	0.199	0.031	0.025	0.053	0.003	0.059	0.010	0.010	0.055	0.024	0.034
333	1299	0.332	0.012	0.097	0.102	0.006	0.109	0.021	0.041	0.081	0.001	0.027	0.010	0.007	0.075	0.043	0.035
334	13	0.222	0.019	0.079	0.093	0.006	0.211	0.021	0.030	0.103	0.001	0.040	0.026	0.009	0.043	0.036	0.061
335	130	0.372	0.010	0.058	0.099	0.001	0.137	0.025	0.013	0.117	0.001	0.036	0.010	0.007	0.063	0.021	0.030
336	1300	0.368	0.008	0.062	0.088	0.002	0.139	0.034	0.022	0.108	0.001	0.037	0.009	0.004	0.053	0.020	0.044
337	1301	0.357	0.024	0.079	0.114	0.003	0.096	0.019	0.019	0.064	0.002	0.021	0.022	0.006	0.052	0.056	0.067
338	1302	0.298	0.009	0.055	0.107	0.003	0.115	0.042	0.018	0.166	0.002	0.038	0.012	0.008	0.064	0.028	0.036
339	1303	0.242	0.014	0.071	0.131	0.013	0.100	0.045	0.032	0.102	0.002	0.045	0.015	0.011	0.091	0.017	0.070
340	1304	0.416	0.016	0.057	0.109	0.002	0.100	0.031	0.019	0.127	0.002	0.025	0.010	0.003	0.031	0.022	0.031
341	1305	0.140	0.013	0.119	0.069	0.002	0.057	0.267	0.012	0.171	0.003	0.057	0.008	0.004	0.030	0.021	0.026
342	131	0.266	0.008	0.048	0.121	0.002	0.068	0.048	0.044	0.272	0.002	0.020	0.011	0.017	0.022	0.028	0.025
343	132	0.201	0.016	0.058	0.100	0.002	0.205	0.046	0.006	0.123	0.003	0.051	0.018	0.005	0.112	0.029	0.025
344	133	0.171	0.010	0.067	0.279	0.001	0.001	0.042	0.063	0.158	0.005	0.007	0.092	0.005	0.007	0.039	0.053
345	134	0.275	0.012	0.115	0.082	0.003	0.119	0.023	0.037	0.201	0.002	0.016	0.009	0.005	0.044	0.021	0.034
346	135	0.338	0.025	0.055	0.128	0.002	0.094	0.019	0.030	0.188	0.003	0.031	0.018	0.005	0.017	0.026	0.024
347	136	0.394	0.021	0.085	0.090	0.004	0.075	0.030	0.010	0.108	0.008	0.038	0.010	0.004	0.049	0.044	0.029
348	1363	0.276	0.005	0.050	0.086	0.001	0.116	0.063	0.021	0.241	0.001	0.033	0.006	0.007	0.046	0.022	0.027
349	137	0.268	0.007	0.095	0.057	0.002	0.137	0.089	0.030	0.081	0.002	0.039	0.020	0.006	0.050	0.036	0.080
350	1377	0.289	0.006	0.092	0.070	0.002	0.126	0.040	0.014	0.219	0.002	0.022	0.009	0.004	0.044	0.029	0.033
351	1379	0.346	0.007	0.065	0.067	0.001	0.112	0.051	0.019	0.184	0.001	0.044	0.006	0.003	0.043	0.019	0.030
352	138	0.182	0.031	0.109	0.074	0.013	0.262	0.008	0.043	0.121	0.010	0.040	0.026	0.010	0.028	0.022	0.020
353	139	0.153	0.012	0.031	0.529	0.001	0.074	0.009	0.039	0.020	0.002	0.004	0.003	0.012	0.020	0.043	0.048
354	14	0.192	0.006	0.053	0.128	0.001	0.097	0.247	0.018	0.122	0.003	0.044	0.009	0.006	0.040	0.009	0.027
355	140	0.336	0.014	0.047	0.094	0.003	0.150	0.046	0.015	0.121	0.002	0.034	0.013	0.007	0.065	0.018	0.036
356	141	0.289	0.011	0.077	0.085	0.002	0.137	0.044	0.027	0.131	0.002	0.043	0.011	0.004	0.073	0.027	0.039
357	142	0.280	0.007	0.117	0.087	0.002	0.135	0.016	0.034	0.159	0.003	0.017	0.010	0.009	0.062	0.026	0.035
358	1422	0.337	0.007	0.074	0.068	0.001	0.135	0.052	0.021	0.142	0.001	0.049	0.007	0.003	0.046	0.017	0.041
359	143	0.263	0.016	0.080	0.063	0.007	0.116	0.025	0.009	0.145	0.003	0.024	0.021	0.011	0.096	0.067	0.052
360	144	0.173	0.007	0.052	0.161	0.002	0.149	0.019	0.048	0.096	0.001	0.033	0.010	0.005	0.160	0.040	0.046
361	145	0.225	0.019	0.071	0.104	0.002	0.260	0.037	0.018	0.083	0.002	0.029	0.020	0.011	0.055	0.019	0.046
362	1455	0.261	0.004	0.076	0.110	0.001	0.053	0.067	0.011	0.309	0.001	0.021	0.006	0.002	0.027	0.028	0.022
363	1458	0.252	0.006	0.063	0.073	0.001	0.073	0.042	0.017	0.312	0.001	0.016	0.007	0.003	0.062	0.043	0.028
364	146	0.215	0.009	0.257	0.034	0.001	0.140	0.034	0.018	0.092	0.006	0.026	0.006	0.007	0.112	0.027	0.017
365	147	0.229	0.009	0.063	0.102	0.003	0.137	0.060	0.033	0.127	0.004	0.033	0.014	0.018	0.119	0.018	0.032
366	148	0.340	0.013	0.060	0.095	0.002	0.103	0.033	0.018	0.162	0.003	0.034	0.010	0.005	0.049	0.030	0.042
367	149	0.262	0.010	0.086	0.059	0.001	0.147	0.015	0.048	0.264	0.001	0.028	0.009	0.003	0.020	0.013	0.032
368	15	0.207	0.006	0.048	0.113	0.001	0.082	0.200	0.019	0.180	0.004	0.042	0.009	0.004	0.045	0.011	0.029
369	150	0.247	0.008	0.072	0.099	0.001	0.199	0.023	0.027	0.108	0.002	0.038	0.011	0.007	0.076	0.031	0.051
370	1502	0.370	0.008	0.052	0.063	0.001	0.128	0.051	0.019	0.182	0.001	0.035	0.008	0.003	0.034	0.016	0.029
371	151	0.254	0.014	0.163	0.087	0.001	0.102	0.031	0.021	0.212	0.002	0.024	0.014	0.008	0.018	0.027	0.023
372	152	0.406	0.012	0.052	0.029	0.004	0.214	0.012	0.051	0.149	0.003	0.010	0.011	0.013	0.018	0.007	0.008
373	153	0.266	0.012	0.070	0.094	0.002	0.109	0.038	0.015	0.188	0.004	0.054	0.019	0.007	0.056	0.033	0.032
374	154	0.213	0.009	0.166	0.104	0.002	0.127	0.029	0.019	0.128	0.002	0.036	0.010	0.011	0.087	0.029	0.029
375	155	0.126	0.008	0.063	0.125	0.002	0.047	0.323	0.013	0.127	0.003	0.092	0.007	0.003	0.030	0.015	0.015
376	156	0.224	0.011	0.085	0.062	0.001	0.178	0.036	0.070	0.148	0.003	0.031	0.016	0.009	0.069	0.019	0.038
377	157	0.369	0.013	0.050	0.089	0.002	0.135	0.024	0.025	0.096	0.002	0.048	0.016	0.005	0.041	0.035	0.051
378	158	0.456	0.016	0.052	0.088	0.002	0.157	0.019	0.011	0.074	0.003	0.021	0.009	0.007	0.047	0.016	0.021
379	159	0.227	0.022	0.083	0.063	0.002	0.069	0.022	0.026	0.211	0.001	0.052	0.014	0.009	0.085	0.033	0.080
380	16	0.164	0.006	0.060	0.127	0.001	0.098	0.233	0.023	0.133	0.003	0.052	0.011	0.005	0.038	0.012	0.033
381	160	0.192	0.018	0.099	0.211	0.003	0.124	0.042	0.055	0.079	0.001	0.040	0.011	0.008	0.045	0.028	0.044
